13612395

779540458
3645825
3440204

100003855788662

505127996

100000105373159

1651290041
3413713

687860636

1651890141
3506541

803465174

1245647594
3404062
3484978
1290365
167984
3526298
3575632
1438893
3355212

623470390
3502938

716705990

514323027

28126615

581787986

100002282274192

526930723

100001561976784

100003880033346

1080729124

100001717060364

100001763674030

559485007

505897463

509062661

634325157

633245006

531246299

100001572575727

656597446
3636613

100006418240852
3506541
3503396
3134247
3354723
3461854
3287895
3179177
3583459
3509535

583605902
3556359

100001315216872
1127071

1665840203
3543321

1665840616
3531637

100000104826674

510234528
3577247

509438224
3458644

100002526673722

1017451173

100001515771703

1630105036

100004112370445

1505702299
3151577

100006311982196
3268516
3458642

100002365623421

1644120013

100005325162972

100002683917538

500591836

100001752325607

1669380415

515686868
3520267
3502826
3296072

58000315

609320366
3458642
3458644

504033284
3561673

502565122

1665840600

1204522107
3484978
3526298

503847588

100000562527905

828517369
3144410
2054717
3547372
3424066
1758006
3594292
3510814
3135637
1821961

503244866
3561673
3552854
1456906
1290407

502069631
3441980
3261982
1938569
3590905

1438326475

100001175255910
3355308

100003588167326

838655061

505627739
3552854

1826126502
3299633

763580612
3539281

518461330
3571368

506916445
3561673

512198173
3620285

1651920109
3506605
3520267
3561673
3135637
3543247
1503689
3522824

508062971
3522845

1545153077

25401578

1495788977
3534645
1920382
966789
3185245
1712170
3112130
1851379
159891
697847
955403
3262502
3336308
1401991
1832701
3449885
1443054
3289749

100000122843720

501250111

100005708134304

1657650438
3530064
3530734
3561673
3537336

1651020007
3543493
3603155
3597211

100006410797083

510571034

100001800169103
3458644

100000993305591

779125444
3557962

512872717

100003895303820
3646412
3593721

100000014108764

100000152866913
123366

1030527841

1667130039
1548333
3496951
3646054
3606044
3638965
1642810
1908011
3503601
3588085

629936346
3568714
3629240

500545236
3557962
3667980
3664518

503123681

1489590014

503790966

517091734

100001633382945

1300600891

543470124

1647210002

548845712

506254648

1646910054

502750607

692435715

510098099

526825577

513236497

1372516482
3517169
3503259
1099969
898685

697426205
3506541
3561673

100001893159029
3520267
3440417

500553198
3491514
3549794

506705847
3506541
3345583
3448901
3436227
3539281
3530064
3561673
3552007

1651290069

522570054
3276267
1813496
1466693
3625736

746759195

500771274
3547372

100006006759839

514231620
3616915

853690023
3506541
3458642

90404314
3509504
3577247
3458644
3520233
3174213
3180731
223542
3109067
191452
3561673
3557962
3647384
3629686
3583534

703745544

502026942
3355308
3622315

500486871
3517169
3404062
3201422
3174213

100003013117982

1654290081

508264946
3517169
3557962

557965553
3458644
3594292
3698816

1664430125

504680204
3627709
3547372

594583384

502489551
3627709
3557962
3367003

1652040011

1657650393
3547372
3268516
3424066

791159806
3233497
3582599

17127871
3565100
3582599

506444089

651410594

516466513

72613614
3506605
3606120
3656049

1170426909

502050279

513534991
3547372
3504771

502196012

510831327

58001367
3149686
3557962
1941132
3623985

100003465548557
3552007

1842684992
3630415

567130102

502839254
3547372

1254056682
3627205

1181054646

500510133

506803271

1658610045

1143062329

695955316

100000953986830
3440045
3635330

547788853

595540650
275269
1606621
1365637
1992351
3349593
549185
2059510
1771379
196838
1069940
1526287
216687
390675
1412201
1412160
1621587
675524
81185
1642594
1967201
1336169
1442747
190059
354954
938528
1235547
3219784
326611
3108004
3174007
3670003

532350004
3424167
3319978
1870532
1794016
1139936
275269
58710
269590
72885
235817
1606621
620562
1992351
3349593
549185
2059510
452065
39826
742384
1771379
1607849
1691393
3328676
234885
615674
1526287
390675
1003610
1562187
1642594
1967201
1314825
831519
1336169
1636576
1918659
71576
71575
1679426
190059
258136
938528
3108004
53276
880730
545048
67608
109894
182749
146035
171444
82684
1387889
75843
35837
84416
250667
440860
634052
860122
165318
944371
1036219
1668718
1196246
1191867
1275247
1312463
1245009
1595669
1588486
1013997
3234620
3410193
3681810

100000930432102
3599173
3499866

1073577027
3277293
3636928

1348343941
3652981

100006039219684

100000102637401
3393908
3516938

100001259557878

501785101
3602685

100001143347500
3660454

100001399359164

1657650441
3503396
3498406
3215988
3547372

100001064458733

537517526

1822181

500644162
3642371

1118959353

81003429
3577247

695051057
3555426

100001994158042
3458644
3539998
3654551
3653120

100004020751321

670068568
3557962

1658040142
3506542
3530064
3530734
3483175
3649396

607066049
3651424
3502969
3636884
3611584
3529665
3564036

572756580
3530138

1656690125

28121253

602432190

514688136

717525187
3524937

600420001

290300085

505798660

100000737876505

1214763
3577400
3654672
3662421

502268673

508725414

672075201

1208615404
3619005

100003854185730
3424066

100001997213660
3424066
3268516

100006104581429
3424066
3458644
3268516

100000547796397

502407445
3618268

545860001

1135356553
3676755

1034709504

1073365737

1525604057

1223730715

1054815989

503485154

100000154581737

100001897821797

855985236

1261614395
3137159

100000469388462
3662204
3668033
1593525
1875601
3685624

507358421
3616332

1380780045

502329072

1256469812

603199428

100000495955608

1526860319
3634884

100000378749005

100000040313135

824370262

789210075
3552007

1665840640
3622616
3629914
3690118
3627605

100006408696800

100000480814703

1056630033

613570896

100002812017055

1648080043
3605824
3572411

668643001
3651757
3617214
3629939
3687991
3684805

100006530840356
3668343

1651770074
3506541
189029
3394120
3509504
3552132
3458642
3517169
3458644
3552854
3655564
3628686
3650518
3717075

28122194
3461854

100004476513641
3649347

100003509800671

545982919

1365480892

1391571515
3503365

546051542

1277910797

696955405

516254080

1664460338

100002403600396

1314469432
3593746

100005310393953

522623078
3698821

565195601

1551931289
3338226
1457462
720560
1050807
578002
1340047
3434356
3492275
174442
3577191
3553242
573668
1294198
1896586
1476703
1975445

1093864394
3639622
3631247

506048568
3681665
3703952

642646961
2051046

663921299
729239
3537281
2024309
882229

1267636464

544827425

542743021

508698446
3437363
3654790
3690118

695705702

695706197

853014270

1400508274

656370429

634755631

635796747

100000102260394

629710665

1275663396

554960602

1134565223

556515726

1388358918

524447100

566727513
3649769
3589284
3628885
3603145
3647456
3628686
3698816
3622098
3650516
3663734
3687457
3706359
3692155

100002696534326

500761723
3526298
3654790

755220171
3622098
3663734
3646804
3603148
3663374
3595828
3630391
3515774

517498812

642744771

1656690498
3644100

1190540071
1771228
3188867
3454689
3626645
3592165

521990257
3552132
3502920
3502919
3423017
3541884
3578105

57601451

100000197268739

100006566175673

1658550480

500536301

3613665

314612
3652682

100001905750425

1826304833
3580084
3601723

1069823003

100006270781837
3174367
1451908
1551936
1560129
3318025
1545017
1559287
3616355
1918683
1758438
3376540
3438886

775645396

689160211
3555240

1569048975

100001303725495

531175583
3355308
3686428

1165493375

100006081552821
3676270
3611404
3693208
3698821
3630391

655410607

575415573

513200555

2732876

578786806

695775053

513011037

510619552

701912233

24701569

1358525442

500545325

513245275

501789177

512867132

504044284

824615456

591185128

512432861

504415724

501576306

502350499

502132497

1014835092

516057558

518254642
3456796
1263919
1133578
324538
994215
3689926
3237246
3582554
1436212
3714496
3734020

100005138400160

48909405

1512130807
3338226
366260
3158186
3490718
1138948
3455496
3222017
3622244
3625048
3681497
3687440
3611544
3660472
1995217
3403109
362847
3691594

2252800

1648110064

546765248

100001458361242
3684354

100001112827220

100001580601176

511962552

525285312
3477331

1164004097

508605132

707290456
1579618
366260
3437363
2073252
1335411
1276065
3237242
999707
1050513
223542
1862809
1686774
1948812
3441980
1757157
1526002
1334884
942480
1968637
539902
3530077
3613158
3602195
3644134
3571776
3539998
1860958
588423
1131224
147468
3490713
1450527
777002
793006
3141561
1082005
3428323
3431675
1205486
1645556
3396088
3248801
3295023
145696
792900
340474
3366237
528824
1050541
539904
1579686
3456906
258257
920123
232265
1764993
202402
314530
126567
531651
147467
292161
1580895
1054945
1279127
202394
1199115
1130602
637782
1216770
797055
1910216
32022
3103406
1268805
1499481
3486862
1989865
1378058
595032
637827
1267051
1273457
595109
3391771
348391
36383
3290248
929407
1579717
1579691
1934044
199962
351474
3359698
161014
1579698
2008083
1996359
1842950
3663374
3681459
3716480
3735569

1090142785

511768229

81011115

100001450921394

100001118943752

100001980967183
3095824
1968116
3678410
3733462

100000328124914

597155618

567192826
3506542
3506541
3456796
3626957
3497563
3467825
3437198
3562115
3436363
3400101
3379675
3117101
1533230
3509504
3448901
3552132
3336019
3520267
3436227
3382028
3540824
3534645
3145976
3502938
3502919
3577247
3498406
3209931
3147895
3174213
3301358
3553113
3572847
3556313
3503567
3328706
3552854
3520273
3605473
2030639
3442011
3461423
3459979
3515559
3517433
3200088
3399479
3275272
3276044
3172215
3550894
3277293
3543247
3430926
3383818
1466657
3557962
3552007
3520284
3660454
3555426
3649769
3569522
3606044
3540056
3520224
3649434
3638721
3641476
3632230
3479885
3584208
3618710
3622244
3589284
3628595
3611265
3588618
3601008
3573665
3646842
3629816
3625902
3625029
3610465
3670470
3563374
3668624
3657991
3607811
3640128
3628845
3691114
3651715
3667257
3649448
3684812
3628885
3630188
3673105
3661157
3616864
3689926
3647456
3628686
3580364
3599075
3622098
3676270
3622458
3650516
3644918
3616394
3685093
3644322
3616740
3687219
3678293
3667961
3652850
3700714
3625804
3650518
3663734
3682285
3661844
3687609
3656314
3651693
3606184
3646804
3639503
3656179
3603148
3698686
3595941
3644013
3630391
3625228
3650414
3697926
3627846
3678282
3679060
3606285
3688356
3656050
3683531
3686521
3669607
3607908
3650258
3649343
3701535
3601169
3693359
3715274
3720930
3298010
3699665
3699862
3614623
3690354
3281305
3176870
3639894
3706631
3668436
3649922
3681459
3718296
3718658
3646056
3714396
3627605
3703562
3708232
3697552
3584206
3584205
3693506
3690125
3686546
3649371
3708157
3737175
3640035
3688634
3703555
3684368
3703599
3672412
3733607
3698645
3726544
3742306
3698419
3540548
3546467
3629157
3742572
3720718

1094208877

508238911

513380371

516573153

503428851

1658070667

100001217471069

517317886

513444762

94803020

699999782
3517256

100002640293648
1787219
3630966

506398527
3731467
3684370

100001454179269

514106559

1658550662

1406730004

603305450

506047994

513354557

515309025

100001528853090

699003901

100001842908935
3690118

48913740

765230619
3714152
3734706

1282999104
3770504

100006354250290
